              precision    recall  f1-score   support

        教师提问     0.9769    0.9845    0.9807       129
        学生发言     0.9553    0.9874    0.9711       238
        教师讲授     0.9424    0.9091    0.9254       198
        教师巡视     0.9099    0.8783    0.8938       115
        教师指令     0.8776    0.9556    0.9149        45
        教师板书     0.9697    0.9014    0.9343        71
        教师反馈     0.8571    0.9600    0.9057        25
        技术操作     0.3333    0.2857    0.3077         7
        学生讨论     1.0000    0.9535    0.9762        43
        课堂沉寂     0.8989    0.9302    0.9143        86

    accuracy                         0.9373       957
   macro avg     0.8721    0.8746    0.8724       957
weighted avg     0.9373    0.9373    0.9368       957
