              precision    recall  f1-score   support

        教师提问     0.9697    0.9922    0.9808       129
        学生发言     0.9249    0.9832    0.9532       238
        教师讲授     0.7623    0.9394    0.8416       198
        教师巡视     0.7857    0.7652    0.7753       115
        教师指令     0.4286    0.1333    0.2034        45
        教师板书     0.8621    0.7042    0.7752        71
        教师反馈     0.0000    0.0000    0.0000        25
        技术操作     0.0000    0.0000    0.0000         7
        学生讨论     0.8571    0.1395    0.2400        43
        课堂沉寂     0.6103    0.9651    0.7477        86

    accuracy                         0.8161       957
   macro avg     0.6201    0.5622    0.5517       957
weighted avg     0.7903    0.8161    0.7816       957
