              precision    recall  f1-score   support

        教师提问     0.9921    0.9767    0.9844       129
        学生发言     0.9368    0.9958    0.9654       238
        教师讲授     0.9433    0.9242    0.9337       198
        教师巡视     0.9024    0.6435    0.7513       115
        教师指令     0.8947    0.7556    0.8193        45
        教师板书     0.7875    0.8873    0.8344        71
        教师反馈     0.8276    0.9600    0.8889        25
        技术操作     1.0000    0.1429    0.2500         7
        学生讨论     1.0000    0.9767    0.9882        43
        课堂沉寂     0.7477    0.9651    0.8426        86

    accuracy                         0.9060       957
   macro avg     0.9032    0.8228    0.8258       957
weighted avg     0.9119    0.9060    0.9018       957
