              precision    recall  f1-score   support

        教师提问     0.9921    0.9767    0.9844       129
        学生发言     0.9289    0.9874    0.9572       238
        教师讲授     0.8365    0.8788    0.8571       198
        教师巡视     0.7286    0.4435    0.5514       115
        教师指令     0.6098    0.5556    0.5814        45
        教师板书     0.8000    0.6761    0.7328        71
        教师反馈     0.0000    0.0000    0.0000        25
        技术操作     0.0000    0.0000    0.0000         7
        学生讨论     1.0000    0.9535    0.9762        43
        课堂沉寂     0.5350    0.9767    0.6914        86

    accuracy                         0.8192       957
   macro avg     0.6431    0.6448    0.6332       957
weighted avg     0.8064    0.8192    0.8020       957
