              precision    recall  f1-score   support

        教师提问     0.9922    0.9845    0.9883       129
        学生发言     0.9916    0.9874    0.9895       238
        教师讲授     0.9505    0.9697    0.9600       198
        教师巡视     0.9569    0.9652    0.9610       115
        教师指令     0.9286    0.8667    0.8966        45
        教师板书     0.9726    1.0000    0.9861        71
        教师反馈     0.9231    0.9600    0.9412        25
        技术操作     0.6000    0.4286    0.5000         7
        学生讨论     0.9091    0.6977    0.7895        43
        课堂沉寂     0.8632    0.9535    0.9061        86

    accuracy                         0.9551       957
   macro avg     0.9088    0.8813    0.8918       957
weighted avg     0.9547    0.9551    0.9539       957
