              precision    recall  f1-score   support

        教师提问     0.9843    0.9690    0.9766       129
        学生发言     0.9209    0.9790    0.9491       238
        教师讲授     0.9323    0.9040    0.9179       198
        教师巡视     0.9062    0.7565    0.8246       115
        教师指令     0.8936    0.9333    0.9130        45
        教师板书     0.9500    0.8028    0.8702        71
        教师反馈     0.8276    0.9600    0.8889        25
        技术操作     0.2857    0.2857    0.2857         7
        学生讨论     0.8276    0.5581    0.6667        43
        课堂沉寂     0.7009    0.9535    0.8079        86

    accuracy                         0.8934       957
   macro avg     0.8229    0.8102    0.8101       957
weighted avg     0.8999    0.8934    0.8920       957
