              precision    recall  f1-score   support

        教师提问     0.9771    0.9922    0.9846       129
        学生发言     0.9237    0.9664    0.9446       238
        教师讲授     0.9670    0.8889    0.9263       198
        教师巡视     0.9223    0.8261    0.8716       115
        教师指令     0.9556    0.9556    0.9556        45
        教师板书     0.8553    0.9155    0.8844        71
        教师反馈     0.8333    1.0000    0.9091        25
        技术操作     0.3333    0.1429    0.2000         7
        学生讨论     0.9556    1.0000    0.9773        43
        课堂沉寂     0.8817    0.9535    0.9162        86

    accuracy                         0.9279       957
   macro avg     0.8605    0.8641    0.8570       957
weighted avg     0.9271    0.9279    0.9260       957
