              precision    recall  f1-score   support

        教师提问     0.9846    0.9922    0.9884       129
        学生发言     0.9429    0.9706    0.9565       238
        教师讲授     0.9385    0.9242    0.9313       198
        教师巡视     0.8611    0.8087    0.8341       115
        教师指令     0.9091    0.8889    0.8989        45
        教师板书     0.9219    0.8310    0.8741        71
        教师反馈     0.8000    0.9600    0.8727        25
        技术操作     0.1111    0.1429    0.1250         7
        学生讨论     0.8696    0.4651    0.6061        43
        课堂沉寂     0.7431    0.9419    0.8308        86

    accuracy                         0.8986       957
   macro avg     0.8082    0.7925    0.7918       957
weighted avg     0.9036    0.8986    0.8967       957
