              precision    recall  f1-score   support

        教师提问     0.9845    0.9845    0.9845       129
        学生发言     0.9958    0.9874    0.9916       238
        教师讲授     0.9495    0.9495    0.9495       198
        教师巡视     0.9649    0.9565    0.9607       115
        教师指令     0.9524    0.8889    0.9195        45
        教师板书     0.9595    1.0000    0.9793        71
        教师反馈     0.8889    0.9600    0.9231        25
        技术操作     0.2500    0.2857    0.2667         7
        学生讨论     0.8837    0.8837    0.8837        43
        课堂沉寂     0.9419    0.9419    0.9419        86

    accuracy                         0.9572       957
   macro avg     0.8771    0.8838    0.8800       957
weighted avg     0.9581    0.9572    0.9575       957
