              precision    recall  f1-score   support

        教师提问     0.9771    0.9922    0.9846       129
        学生发言     0.9588    0.9790    0.9688       238
        教师讲授     0.9385    0.9242    0.9313       198
        教师巡视     0.9340    0.8609    0.8959       115
        教师指令     0.8913    0.9111    0.9011        45
        教师板书     0.8767    0.9014    0.8889        71
        教师反馈     0.8571    0.9600    0.9057        25
        技术操作     0.5000    0.2857    0.3636         7
        学生讨论     1.0000    0.9767    0.9882        43
        课堂沉寂     0.9101    0.9419    0.9257        86

    accuracy                         0.9373       957
   macro avg     0.8844    0.8733    0.8754       957
weighted avg     0.9363    0.9373    0.9362       957
