              precision    recall  f1-score   support

        教师提问     0.9921    0.9767    0.9844       129
        学生发言     0.9109    0.9874    0.9476       238
        教师讲授     0.9655    0.8485    0.9032       198
        教师巡视     0.8472    0.5304    0.6524       115
        教师指令     0.9091    0.8889    0.8989        45
        教师板书     0.8571    0.8451    0.8511        71
        教师反馈     0.7857    0.8800    0.8302        25
        技术操作     0.0000    0.0000    0.0000         7
        学生讨论     0.9556    1.0000    0.9773        43
        课堂沉寂     0.6131    0.9767    0.7534        86

    accuracy                         0.8767       957
   macro avg     0.7836    0.7934    0.7798       957
weighted avg     0.8867    0.8767    0.8723       957
