              precision    recall  f1-score   support

        教师提问     0.9922    0.9845    0.9883       129
        学生发言     0.9620    0.9580    0.9600       238
        教师讲授     0.8976    0.9293    0.9132       198
        教师巡视     0.8191    0.6696    0.7368       115
        教师指令     0.9286    0.8667    0.8966        45
        教师板书     0.8769    0.8028    0.8382        71
        教师反馈     0.7917    0.7600    0.7755        25
        技术操作     0.0000    0.0000    0.0000         7
        学生讨论     0.9762    0.9535    0.9647        43
        课堂沉寂     0.7034    0.9651    0.8137        86

    accuracy                         0.8934       957
   macro avg     0.7948    0.7889    0.7887       957
weighted avg     0.8936    0.8934    0.8905       957
