              precision    recall  f1-score   support

        教师提问     0.9922    0.9845    0.9883       129
        学生发言     0.9792    0.9874    0.9833       238
        教师讲授     0.9442    0.9394    0.9418       198
        教师巡视     0.9138    0.9217    0.9177       115
        教师指令     0.9333    0.9333    0.9333        45
        教师板书     0.8784    0.9155    0.8966        71
        教师反馈     0.8519    0.9200    0.8846        25
        技术操作     1.0000    0.1429    0.2500         7
        学生讨论     0.9767    0.9767    0.9767        43
        课堂沉寂     0.9419    0.9419    0.9419        86

    accuracy                         0.9488       957
   macro avg     0.9411    0.8663    0.8714       957
weighted avg     0.9496    0.9488    0.9468       957
