              precision    recall  f1-score   support

        教师提问     0.9846    0.9922    0.9884       129
        学生发言     0.9325    0.9874    0.9592       238
        教师讲授     0.9476    0.9141    0.9306       198
        教师巡视     0.9459    0.6087    0.7407       115
        教师指令     0.8571    0.9333    0.8936        45
        教师板书     0.7901    0.9014    0.8421        71
        教师反馈     0.8214    0.9200    0.8679        25
        技术操作     0.0000    0.0000    0.0000         7
        学生讨论     0.8333    0.1163    0.2041        43
        课堂沉寂     0.5753    0.9767    0.7241        86

    accuracy                         0.8694       957
   macro avg     0.7688    0.7350    0.7151       957
weighted avg     0.8839    0.8694    0.8547       957
