              precision    recall  f1-score   support

        教师提问     0.9922    0.9922    0.9922       129
        学生发言     0.9592    0.9874    0.9731       238
        教师讲授     0.9271    0.8990    0.9128       198
        教师巡视     0.9065    0.8435    0.8739       115
        教师指令     0.8913    0.9111    0.9011        45
        教师板书     0.9492    0.7887    0.8615        71
        教师反馈     0.8462    0.8800    0.8627        25
        技术操作     0.2500    0.2857    0.2667         7
        学生讨论     0.9556    1.0000    0.9773        43
        课堂沉寂     0.8400    0.9767    0.9032        86

    accuracy                         0.9258       957
   macro avg     0.8517    0.8564    0.8525       957
weighted avg     0.9277    0.9258    0.9255       957
