              precision    recall  f1-score   support

        教师提问     0.9922    0.9845    0.9883       129
        学生发言     0.9669    0.9832    0.9750       238
        教师讲授     0.9095    0.9646    0.9363       198
        教师巡视     0.9032    0.7304    0.8077       115
        教师指令     0.9302    0.8889    0.9091        45
        教师板书     0.8611    0.8732    0.8671        71
        教师反馈     0.9091    0.8000    0.8511        25
        技术操作     1.0000    0.1429    0.2500         7
        学生讨论     0.9762    0.9535    0.9647        43
        课堂沉寂     0.7788    0.9419    0.8526        86

    accuracy                         0.9206       957
   macro avg     0.9227    0.8263    0.8402       957
weighted avg     0.9235    0.9206    0.9176       957
