              precision    recall  f1-score   support

        教师提问     0.9922    0.9845    0.9883       129
        学生发言     0.9874    0.9916    0.9895       238
        教师讲授     0.9598    0.9646    0.9622       198
        教师巡视     0.9655    0.9739    0.9697       115
        教师指令     0.9130    0.9333    0.9231        45
        教师板书     0.9726    1.0000    0.9861        71
        教师反馈     0.9200    0.9200    0.9200        25
        技术操作     0.7500    0.4286    0.5455         7
        学生讨论     1.0000    1.0000    1.0000        43
        课堂沉寂     0.9881    0.9651    0.9765        86

    accuracy                         0.9728       957
   macro avg     0.9449    0.9162    0.9261       957
weighted avg     0.9723    0.9728    0.9722       957
