              precision    recall  f1-score   support

        教师提问     0.9922    0.9922    0.9922       129
        学生发言     0.9707    0.9748    0.9727       238
        教师讲授     0.9343    0.9343    0.9343       198
        教师巡视     0.9140    0.7391    0.8173       115
        教师指令     0.8958    0.9556    0.9247        45
        教师板书     0.7887    0.7887    0.7887        71
        教师反馈     0.8214    0.9200    0.8679        25
        技术操作     0.1250    0.1429    0.1333         7
        学生讨论     1.0000    0.9767    0.9882        43
        课堂沉寂     0.8020    0.9419    0.8663        86

    accuracy                         0.9154       957
   macro avg     0.8244    0.8366    0.8286       957
weighted avg     0.9183    0.9154    0.9151       957
