              precision    recall  f1-score   support

        教师提问     0.9771    0.9922    0.9846       129
        学生发言     0.9628    0.9790    0.9708       238
        教师讲授     0.9482    0.9242    0.9361       198
        教师巡视     0.8981    0.8435    0.8700       115
        教师指令     0.9333    0.9333    0.9333        45
        教师板书     0.8857    0.8732    0.8794        71
        教师反馈     0.7931    0.9200    0.8519        25
        技术操作     0.0000    0.0000    0.0000         7
        学生讨论     0.9762    0.9535    0.9647        43
        课堂沉寂     0.8646    0.9651    0.9121        86

    accuracy                         0.9321       957
   macro avg     0.8239    0.8384    0.8303       957
weighted avg     0.9271    0.9321    0.9291       957
