              precision    recall  f1-score   support

        教师提问     0.9922    0.9845    0.9883       129
        学生发言     0.9874    0.9916    0.9895       238
        教师讲授     0.9543    0.9495    0.9519       198
        教师巡视     0.9640    0.9304    0.9469       115
        教师指令     0.8696    0.8889    0.8791        45
        教师板书     0.9722    0.9859    0.9790        71
        教师反馈     0.8621    1.0000    0.9259        25
        技术操作     0.4000    0.2857    0.3333         7
        学生讨论     0.9032    0.6512    0.7568        43
        课堂沉寂     0.8283    0.9535    0.8865        86

    accuracy                         0.9457       957
   macro avg     0.8733    0.8621    0.8637       957
weighted avg     0.9461    0.9457    0.9443       957
